36 85 51 32 84
41 70 65 86 73
94 28 80 81 59
96 82  "7" 10 83
 8 21 29 91 16

20 57 93 41 35
76 "7" 14 "58" 54
85 51 24 40 38
47 13 82 29 10
 9 "21"  8 87 17

93 "2" 26 35 39
91 "7" "85" 69 "62"
55 "4" 27 57 10
92 "44" 30 73 22
 6 "58" 16 36  9

 # discarded: {'21', '1', '2', '55', '48', '62', '36', '63', '94', '58', '6', '16', '47', '92', '44', '40', '7', '17', '20', '4'}


35 77 "7" "49" "72"
59  8 87 60 15
38 81 71 24 20
50 54 "94" 31 75
68  2 11 27 64

20 93 58 27 99
45 "47" 59  9 23
25 71 14 48 62
95  "7" 69 "41" 90
53  "1" 10 98 70

58 39 34 69 79
88 78 85 "84" 23
89 63 29 "28" 40
37 83 56 74 32
"24" 73 61 "7" 35

78 16 22 80 75
42 61  8 35 93
62 59 "66" 79 13
44 77  "7" 87 68
74 14 52 65 19

60 24 88  "7" 29
95 33 36 81 71
67 39  2 "49" 37
78 25 28 35 93
20  3 12 99  6

82 71 "28" 64 46
88 90 "85" 69 84
33 "86" "7" 27 10
45 48  0 31 99
37  4 77 29 49

"41" 71 27 24 58
3 54 43 36 75
"7" 1 39 59 95
99 97 18 40 96
50 61 49 69 31

90 "7" "66" 65 1
27 42  3 11 26
63 95 69 53 29
43 12 52 37 96
84 13 41 36 35

10  5 54 4 16
51 17 22 "49" 3
86 65 40 "58" 47
71 69 20 "7" "98"
75 57 97 74 35

70 82 88 32  9
"7" 15 38 56 "62"
91 25 49 78 77
"40" 42 44 79 18
"1" 84 28 73 97

10 18 21 71 94
14 64 44 83 47
78 11  5 29  6
56 36 85 73 26
"62" 30 35 "7" 39

"7" 45 74 "17"  9
99 16 84 63 61
44 21 59 69 66
11 39 80 19 72
89 58 81 42 87

91 84 78 "7" 95
24  3 85 "20" 16
29 38 52 "41" 21
37 23 56 73 54
11 47  5 65 51

11 35 56 27 50
85 "40" 71 88 99
59 39 84 44 43
22 19 10 12 98
13 "7" 76 "23" "21"

34 "24" 12 63 47
32 96 67 40 82
42 "7" 87 61 10
70 14 65 88 74
92 9 53 60 56

73 99 79 76 43
82 17 14 68 87
39 53 21 "7" 81
94 45 35 "48" 32
67 49 62 "63" 23

99  0 85 12 83
30 45 67 76 87
"7" 39 57 "66" "98"
13 82 46 28 24
25 15 90 68 51

69 30 73 61 99
12 13 "7" 53 20
 8 18 "28" 82 67
95 79 96 51 29
56 31 "92" 54 57